2
Accion
Comedia
20
12458 Accion
33252 Comedia
27093 Accion
95880 Comedia
94489 Accion
55076 Comedia
94666 Accion
51366 Comedia
5649 Accion
36025 Comedia
90435 Accion
17958 Comedia
88243 Accion
27771 Comedia
33712 Accion
9106 Comedia
5487 Accion
3563 Comedia
976 Accion
19537 Comedia
100
976 5
94666 2
12458 5
90435 5
88243 4
27093 2
88243 5
12458 1
33252 3
55076 1
27093 5
19537 2
27093 1
27771 1
94489 5
5487 3
95880 5
5487 4
5649 2
55076 1
94666 3
33252 4
27771 5
90435 3
95880 1
3563 1
51366 4
33712 2
976 3
33252 5
5487 3
3563 3
17958 4
9106 5
17958 3
17958 3
19537 5
5649 1
976 4
88243 3
94666 2
19537 1
33252 4
94666 5
33252 3
27771 5
5487 3
33252 5
51366 5
90435 1
33252 2
5649 4
3563 4
976 2
976 3
90435 5
9106 5
33252 4
9106 3
51366 2
94666 3
3563 3
51366 5
27771 5
5649 4
55076 2
5487 1
33712 5
55076 5
27093 4
976 3
12458 1
27771 2
27771 4
33252 3
5487 3
3563 5
27093 5
55076 1
90435 1
17958 3
94666 3
94489 2
33252 5
3563 1
55076 4
51366 3
27771 2
90435 5
36025 2
17958 2
19537 4
88243 4
94489 3
5649 1
27093 5
27093 4
51366 5
33252 1
12458 2
