2
Accion
Comedia
20
14243 Accion
68843 Comedia
39730 Accion
19393 Comedia
1697 Accion
39847 Comedia
13576 Accion
32742 Comedia
91446 Accion
28108 Comedia
34863 Accion
10215 Comedia
8696 Accion
71200 Comedia
58122 Accion
83509 Comedia
75694 Accion
91078 Comedia
83210 Accion
74891 Comedia
1000
13576 1
39730 5
8696 2
58122 2
14243 5
83210 3
68843 5
58122 5
91078 3
39730 3
28108 5
91446 2
83509 1
1697 1
32742 4
10215 2
13576 1
14243 4
83210 5
28108 4
71200 5
68843 2
83210 3
83509 3
28108 1
28108 1
13576 4
13576 5
14243 3
58122 5
75694 3
39847 3
19393 2
8696 4
8696 4
8696 4
8696 1
1697 3
8696 3
28108 5
39730 1
75694 4
14243 1
39730 1
91078 5
14243 1
13576 3
74891 2
19393 2
83509 2
1697 5
58122 4
1697 1
39730 4
39730 4
39730 2
58122 2
91078 2
13576 2
32742 4
14243 5
68843 5
75694 1
8696 3
8696 3
91446 4
13576 5
91078 3
75694 2
10215 5
83509 1
32742 2
75694 5
32742 5
91446 2
34863 1
39847 2
74891 5
10215 3
13576 1
10215 2
1697 4
8696 4
8696 4
1697 4
74891 5
28108 3
8696 3
19393 1
8696 4
13576 5
1697 5
39847 1
83210 4
32742 2
1697 2
58122 1
68843 2
71200 4
58122 5
91078 2
68843 4
39847 4
32742 1
71200 2
1697 3
39847 4
91446 3
83509 4
10215 4
58122 1
13576 1
83509 3
13576 1
14243 3
28108 5
83210 1
74891 4
1697 3
1697 5
34863 4
71200 2
91446 4
83210 4
10215 5
83210 3
75694 5
91078 4
19393 4
83509 2
75694 1
39847 2
32742 3
34863 4
75694 2
39847 2
13576 4
58122 2
8696 4
28108 1
58122 1
71200 4
75694 3
13576 1
83210 3
75694 2
74891 4
8696 2
39730 5
39730 4
8696 3
91078 4
91078 2
1697 2
1697 2
28108 2
13576 5
58122 3
75694 3
58122 5
13576 3
14243 1
91446 1
1697 1
10215 4
68843 5
91078 4
39730 5
28108 5
91446 2
39847 3
91078 4
10215 4
39847 5
32742 3
58122 5
58122 2
10215 3
19393 3
39847 1
39847 2
74891 3
1697 4
28108 1
8696 5
10215 3
13576 1
8696 5
83509 1
91446 4
39730 3
91078 4
68843 1
19393 5
91446 4
10215 1
58122 1
14243 1
1697 2
32742 4
34863 5
83210 4
10215 1
91078 3
14243 1
34863 3
14243 5
10215 4
74891 5
91078 3
58122 2
39847 1
10215 3
39730 3
83210 5
75694 4
91446 5
75694 3
75694 4
74891 3
34863 5
10215 1
14243 5
83509 5
14243 4
74891 5
13576 5
58122 3
68843 2
91078 2
13576 4
74891 2
74891 3
83210 1
8696 5
1697 5
34863 2
91078 1
34863 3
34863 2
91078 2
91078 4
39847 5
68843 4
14243 1
68843 4
83509 3
91078 5
74891 3
68843 4
91078 4
91078 5
58122 5
34863 2
74891 3
74891 2
71200 3
14243 1
68843 4
14243 4
19393 2
1697 4
71200 4
1697 5
14243 1
32742 5
19393 2
68843 5
19393 2
13576 3
19393 1
83210 4
58122 1
83210 3
19393 4
68843 2
74891 3
1697 3
34863 4
75694 3
13576 1
1697 2
19393 1
19393 2
91446 5
14243 2
13576 2
74891 4
68843 5
14243 3
32742 4
19393 4
39730 1
39730 3
14243 1
32742 4
39847 2
8696 1
91446 1
74891 2
75694 5
74891 5
39730 1
32742 5
74891 1
68843 2
71200 2
75694 2
75694 4
14243 5
91446 5
32742 4
39730 5
39847 1
13576 5
13576 3
1697 3
91078 2
32742 5
39730 2
75694 1
1697 1
1697 1
83210 1
83210 1
68843 2
34863 2
10215 3
8696 3
19393 5
68843 2
68843 3
74891 4
75694 2
83509 1
39847 2
13576 5
71200 1
34863 4
39730 1
58122 2
74891 5
91078 1
75694 5
74891 2
91446 4
71200 3
34863 5
8696 4
34863 3
28108 1
10215 3
91078 2
91078 5
14243 2
74891 5
32742 4
34863 2
68843 4
13576 3
34863 2
39847 1
91446 4
74891 2
13576 2
14243 3
28108 4
58122 2
14243 4
39847 3
83509 2
83210 5
32742 4
10215 1
83210 5
8696 4
32742 1
83509 4
83210 5
68843 2
91446 4
1697 3
91078 4
83509 5
39730 3
71200 5
91446 2
83509 1
10215 4
32742 5
32742 1
34863 3
39730 1
32742 1
8696 4
91446 1
68843 5
28108 1
19393 2
74891 3
91446 5
83210 4
83509 4
1697 4
8696 4
91446 2
19393 1
83210 1
83509 1
91078 5
39847 4
10215 5
39730 3
28108 3
91446 2
13576 2
39847 5
39847 4
34863 2
10215 3
1697 2
71200 1
68843 5
91078 5
68843 1
91446 3
39847 3
83210 3
1697 3
39847 4
91446 2
68843 2
91446 2
74891 4
74891 1
8696 2
58122 1
75694 1
68843 1
75694 1
8696 1
58122 3
91078 3
39847 4
74891 3
13576 1
39847 4
13576 1
13576 3
19393 4
74891 1
58122 4
71200 3
68843 2
32742 3
68843 1
58122 1
91078 4
32742 5
91078 5
91446 1
74891 5
19393 3
74891 3
13576 1
14243 1
34863 2
10215 1
14243 3
39730 3
28108 4
74891 2
10215 5
74891 4
83509 2
28108 5
8696 4
83210 3
91078 5
68843 4
1697 4
68843 3
10215 3
58122 2
1697 2
10215 1
8696 1
68843 4
10215 4
71200 3
28108 4
10215 4
10215 2
71200 2
39730 2
75694 5
14243 3
13576 4
28108 3
83509 1
28108 2
10215 2
91446 5
1697 1
91078 5
32742 5
8696 1
1697 2
19393 5
91078 1
75694 4
1697 4
10215 3
10215 3
83509 2
83210 5
1697 5
91078 4
39847 4
39847 4
39730 5
39730 1
58122 4
19393 3
91446 1
58122 5
39847 5
1697 4
71200 1
71200 4
58122 2
1697 4
8696 4
19393 3
13576 1
14243 2
1697 5
91446 1
71200 2
74891 2
19393 5
91078 1
39847 2
68843 4
91446 5
74891 3
39847 4
71200 3
91078 4
13576 1
28108 5
75694 4
39847 2
75694 1
74891 1
19393 3
68843 1
83509 2
71200 2
91078 3
34863 2
75694 3
74891 5
75694 4
83210 3
1697 3
71200 3
8696 5
68843 4
28108 1
75694 4
19393 3
39847 4
1697 5
13576 2
71200 2
91078 5
19393 4
10215 5
91078 5
71200 4
91446 3
91078 1
13576 4
68843 3
74891 3
14243 5
58122 2
1697 1
91078 1
10215 1
83210 1
10215 2
68843 3
8696 4
19393 3
19393 2
1697 1
1697 3
74891 1
39730 1
39730 3
1697 4
14243 4
74891 5
83210 3
10215 4
19393 4
28108 5
91078 4
58122 2
34863 5
8696 3
28108 2
68843 1
71200 4
34863 1
83210 2
1697 1
58122 1
14243 5
91078 2
8696 3
13576 4
91446 5
83210 5
39847 2
19393 5
14243 1
83210 2
39847 2
91078 4
74891 1
13576 1
39847 4
34863 1
91078 5
28108 3
8696 1
32742 1
10215 2
83509 4
74891 4
83210 5
83509 4
8696 2
74891 5
68843 1
1697 5
91078 1
8696 3
32742 3
32742 4
1697 2
1697 4
10215 3
68843 4
75694 1
91078 2
10215 3
58122 5
39847 1
71200 4
75694 1
34863 4
8696 3
71200 5
1697 3
91446 1
19393 5
75694 2
10215 3
39847 5
34863 5
39847 2
83210 2
91078 2
91078 4
13576 1
71200 2
34863 1
74891 1
75694 1
32742 5
75694 3
14243 3
68843 5
68843 2
19393 2
8696 2
39847 3
8696 5
83210 5
91078 3
13576 1
71200 3
83509 5
8696 3
14243 3
91446 4
58122 5
8696 1
39847 1
71200 4
28108 3
28108 2
14243 5
14243 4
19393 4
32742 1
91446 2
74891 2
91078 2
14243 5
19393 4
91078 1
28108 2
39847 5
32742 2
83509 4
91446 2
58122 4
34863 5
74891 2
8696 2
75694 4
74891 3
68843 3
83210 2
83210 3
68843 2
1697 4
28108 5
28108 4
8696 2
75694 2
71200 3
28108 1
91078 1
68843 2
32742 5
13576 4
75694 3
32742 3
14243 2
68843 5
58122 1
28108 4
58122 4
1697 5
32742 3
14243 1
83509 2
32742 5
39730 2
39847 2
34863 5
10215 5
10215 5
13576 5
39847 3
83210 5
8696 3
58122 4
91078 1
91078 5
19393 5
75694 1
10215 5
58122 1
39847 2
83210 3
32742 2
83210 2
14243 5
83509 3
19393 1
91446 3
1697 1
83210 4
39847 3
83210 1
91078 2
39730 1
39730 4
91078 5
8696 3
32742 5
91446 1
34863 2
39730 1
83210 1
39730 5
39847 4
58122 4
8696 2
34863 1
1697 3
91446 2
74891 2
83509 2
34863 3
83509 5
83210 5
83509 5
39847 3
13576 1
58122 5
58122 5
32742 1
39730 2
8696 1
71200 4
1697 3
58122 5
71200 2
8696 1
14243 4
39847 5
1697 1
91446 2
28108 2
75694 1
32742 4
32742 1
83509 2
13576 5
13576 1
32742 2
58122 3
32742 3
83509 5
58122 2
74891 5
83509 4
10215 1
1697 3
68843 4
91446 5
91446 3
75694 1
91446 5
83509 1
13576 3
83210 1
75694 1
74891 3
75694 5
91446 2
39847 1
10215 3
34863 4
68843 4
71200 2
1697 4
91446 1
91446 3
32742 4
1697 4
13576 3
13576 5
74891 3
13576 1
19393 2
19393 5
68843 3
83210 4
83509 5
74891 4
68843 4
71200 5
75694 2
83210 4
39847 3
91446 4
75694 2
91078 3
1697 2
83509 3
58122 1
91446 4
91078 2
10215 3
13576 3
8696 5
83210 1
14243 5
74891 5
28108 5
71200 5
74891 3
75694 4
28108 3
1697 5
74891 5
83509 4
32742 5
13576 1
91078 5
39847 2
19393 4
74891 2
28108 4
32742 4
58122 1
74891 4
58122 1
68843 5
74891 4
14243 5
28108 3
74891 4
8696 3
34863 2
39730 1
58122 3
83210 4
39847 3
19393 3
91078 3
71200 3
34863 3
1697 5
19393 5
58122 2
83509 4
19393 2
19393 3
19393 4
14243 3
28108 1
83509 5
14243 1
74891 5
39847 4
68843 4
91078 5
91078 3
14243 4
83210 5
28108 1
28108 5
10215 3
8696 2
39847 5
1697 2
74891 2
83210 3
19393 5
75694 4
91078 5
83210 1
39847 4
28108 1
68843 5
74891 1
1697 4
13576 1
8696 1
68843 4
83509 3
75694 2
91446 5
83210 3
19393 5
8696 4
75694 2
14243 2
74891 5
32742 1
14243 4
39730 5
74891 1
10215 2
10215 5
68843 4
39730 4
1697 1
1697 4
58122 1
28108 3
71200 1
83210 1
32742 5
13576 2
68843 2
75694 4
34863 1
83509 4
74891 2
91078 3
1697 5
39730 5
39730 3
1697 4
74891 4
83509 5
10215 1
28108 4
58122 1
